Webots Project File version R2021b
perspectives: 000000ff00000000fd00000002000000010000011c00000459fc0200000001fb0000001400540065007800740045006400690074006f00720000000016000004590000003f00ffffff0000000300000694000000d9fc0100000001fb0000001a0043006f006e0073006f006c00650041006c006c0041006c006c0100000000000006940000006900ffffff000006940000045900000001000000020000000100000008fc00000000
simulationViewPerspectives: 000000ff000000010000000200000100000004760100000002010000000100
sceneTreePerspectives: 000000ff000000010000000200000350000000fa0100000002010000000200
maximizedDockId: -1
centralWidgetVisible: 1
orthographicViewHeight: 1
textFiles: -1
consoles: Console:All:All
renderingDevicePerspectives: Summit-XL Steel:depth_camera;1;1;0;0
renderingDevicePerspectives: Summit-XL Steel:rgb_camera;1;0.890625;0.0210379;0.0898957
