Webots Project File version R2021b
perspectives: 000000ff00000000fd0000000300000000000001d300000534fc0100000001fb0000001e00480074006d006c0052006f0062006f007400570069006e0064006f00770000000000000001d3000000000000000000000001000003bc00000534fc0200000001fb0000001400540065007800740045006400690074006f00720000000016000005340000008900ffffff000000030000069400000039fc0100000001fb0000001a0043006f006e0073006f006c00650041006c006c0041006c006c0100000000000006940000006900ffffff00000694000004f900000001000000020000000100000008fc00000000
simulationViewPerspectives: 000000ff00000001000000020000015600000bd00100000002010000000100
sceneTreePerspectives: 000000ff0000000100000002000000c0000000fa0100000002010000000200
maximizedDockId: -1
centralWidgetVisible: 1
orthographicViewHeight: 1
textFiles: 1 "../../../../../../../../../usr/local/webots/projects/robots/robotnik/summit_xl_steel/controllers/keyboard_control/keyboard_control.c" "../../../../../../../../../usr/local/webots/projects/default/controllers/ros/Ros.cpp"
consoles: Console:All:All
renderingDevicePerspectives: Summit-XL Steel:depth_camera;0;1.41562;0;0;3751;1276;1350;966;0
renderingDevicePerspectives: Summit-XL Steel:rgb_camera;0;0.707812;0;0
